0.0 0.0 0.0 0.0 0.0 0.0 0.0 0.0 0.0 0.0 0.0 0.0 0.0 0.0 0.0
0.0 677.5196534278617 692.5478588343386 705.9269227510785 720.9951102119426 734.4097687623624 0.0 757.4925709751055 745.5411293881002 733.1214678971859 0.0 756.9434472241641 772.3138990326145 785.7927702776514 0.0
0.0 664.1760895457865 0.0 692.5478588343386 0.0 749.5180447376449 760.7102576486737 772.4468272142046 757.4925709751055 741.2028293333533 726.8890148331719 741.6569443422945 0.0 800.9733658828276 0.0
0.0 650.8492007066527 0.0 679.1855145327534 0.0 761.5693660281657 774.1065652415292 789.2622180117019 0.0 726.4858055029579 716.1218452011167 726.8890148331719 0.0 814.4880973216198 0.0
0.0 656.2792453684258 671.9563114456195 685.3096101680844 0.0 773.4676432614438 0.0 804.6567524583965 811.3974440629037 0.0 0.0 0.0 0.0 828.0197390850351 0.0
0.0 642.9622250771203 0.0 700.348779542585 0.0 786.9479581305271 803.8152189776537 817.3335062886966 825.7678050931341 838.5085021305531 850.4289754138176 864.0055882459169 0.0 841.5683123321385 0.0
0.0 0.0 0.0 713.7376043453564 0.0 773.4676432614438 0.0 831.5042069369725 838.7752608258938 851.6382944643444 0.0 879.2962654358225 0.0 855.1338382484699 0.0
0.0 757.3602671544033 743.9169276553022 727.1431819298368 0.0 760.0041745742367 0.0 844.1482583927217 851.6382944643444 866.8242996632262 879.2962654358225 892.9089985006822 879.2962654358225 868.716338046078 0.0
0.0 772.5008450862413 0.0 713.7376043453564 0.0 746.5575310162445 0.0 856.7807579608373 0.0 880.7606820935936 0.0 909.9419477810369 0.0 880.9933420398349 0.0
0.0 785.9799502477634 0.0 702.4846979465683 715.9732001599937 731.2237545608072 0.0 870.3653184687964 882.2717309606769 894.3752475116288 0.0 923.5930262942765 909.9419477810369 894.6081985739188 0.0
0.0 799.4759211564826 0.0 690.4557531081048 701.2357640998032 0.0 870.2417292860217 882.4785751136036 894.3752475116288 909.5197877405473 0.0 938.9675705507415 0.0 0.0 0.0
0.0 812.9887789156878 0.0 677.0960231898518 0.0 870.4302956217365 881.158191186748 896.1378117261239 0.0 925.0634055541227 940.6763570370185 952.65496741079 968.0704152507922 981.7942270816865 0.0
0.0 826.5185446550718 838.5600512112447 0.0 0.0 882.6909481851461 0.0 911.6440703642742 0.0 0.0 954.363753897067 0.0 0.0 997.2506873281679 0.0
0.0 838.5600512112447 853.6270013566062 869.0909844908383 882.6909481851461 896.3079288510434 911.6440703642742 925.2972786605258 940.674221587773 954.363753897067 968.070415250792 983.507559750902 997.2506873281679 0.0 0.0
0.0 0.0 0.0 0.0 0.0 0.0 0.0 0.0 0.0 0.0 0.0 0.0 0.0 0.0 0.0
