0.0 0.0 0.0 0.0 0.0 0.0 0.0 0.0 0.0 0.0 0.0 0.0 0.0 0.0 0.0 0.0 0.0 0.0 0.0 0.0 0.0 0.0 0.0 0.0 0.0
0.0 885.8524199016881 888.506686334568 890.8696828280902 893.09771268991 895.4664536111651 897.8381584028377 900.2128307831821 897.8381584028377 899.5810558226265 901.7049423854688 904.0844530759256 901.7049423854688 899.3420792207559 901.7186333753951 904.3952304649505 906.7781073801714 909.1639658729938 917.1932525703593 921.8443952787817 919.4426902109491 920.4166213041261 921.9901656458569 924.3950582455138 0.0
0.0 883.4956928707272 0.0 891.9730689511541 0.0 0.0 0.0 903.1841425654095 0.0 901.6047887292226 0.0 907.0618188037986 0.0 0.0 899.3420792207559 0.0 0.0 911.9735072747428 0.0 926.2568375812427 0.0 922.7445933483875 0.0 927.1035715450023 0.0
0.0 883.2497920142345 0.0 894.3404026607701 897.0066151935998 899.6453343140025 902.3669143275312 905.5655041063873 903.1841425654095 903.9841741018633 0.0 909.4480322909706 912.1355082165556 914.5280701638017 0.0 919.4589881635579 917.0602641093639 914.365866518101 0.0 928.6670688594974 926.6568419504728 925.1504299266512 0.0 929.5148623001886 0.0
0.0 885.6062111448148 0.0 0.0 894.8859174979613 896.8881630419513 904.8299169694525 908.6473392433246 0.0 906.4665406247972 904.0840530703786 0.0 0.0 917.2226960505686 919.758453963376 922.1605541309988 0.0 0.0 0.0 931.3315943062829 929.0045968740448 927.370975307966 929.7828207023524 931.9291701859497 0.0
0.0 887.965578513001 887.7940432378523 890.1561479817908 892.5212082700364 894.2960655457046 0.0 912.638840525268 0.0 909.1498202137842 0.0 923.8277875983237 921.4236039097461 918.8226770137962 0.0 924.865922450414 927.612584384298 930.0245120424364 932.1641097359053 934.0390500592694 931.3315943062829 929.2769172823872 931.9291701859497 934.6147926629233 0.0
0.0 890.3493398334211 0.0 0.0 903.9108062577335 0.0 0.0 915.0320322677035 0.0 911.5386463152465 0.0 926.535502485821 0.0 0.0 929.2469814346898 0.0 0.0 932.2272951797949 934.6148146670981 937.0318183501686 0.0 0.0 0.0 937.3711846525536 0.0
0.0 892.7146418734061 0.0 906.1602438983233 908.5453292888086 912.638840525268 915.0320322677035 917.4282184942819 0.0 913.9304614383095 0.0 928.9460824438866 931.962323632657 934.3796939074726 931.6609541341826 929.2469814346898 0.0 934.3465570646775 937.0318183501686 939.7576572969764 942.5255113611443 944.9560988378224 942.5255113611443 939.7953227714883 0.0
0.0 895.0829034685887 0.0 0.0 0.0 0.0 0.0 920.1269262301878 0.0 916.3252693230143 0.0 926.535502485821 0.0 937.4421026758826 0.0 0.0 0.0 0.0 0.0 0.0 0.0 947.9973744592916 0.0 0.0 0.0
0.0 897.4541283381891 0.0 912.3404853238571 915.0320322677035 917.4282184942819 920.1269262301878 922.529487449197 920.1269262301878 918.7230737140699 921.4236039097461 923.8277875983237 0.0 939.8663295310826 942.575335363905 945.0059851829288 947.3697730759798 950.8465623764358 953.179971875305 955.6238907590329 953.179971875305 950.4348086115177 0.0 965.8130152896864 0.0
0.0 899.8283201980273 0.0 909.9506571741334 0.0 915.0320322677035 0.0 925.5356951806885 0.0 0.0 0.0 0.0 937.8812343721377 940.0365911003904 0.0 945.565211419731 948.057658603021 951.7072800028639 0.0 958.6818473202538 0.0 0.0 0.0 968.2727412847936 0.0
0.0 902.2054827645352 904.8827650775961 907.266252021524 0.0 912.638840525268 0.0 927.9450241286123 930.6585338708874 933.0742727771323 935.4930343797063 937.914822460762 940.0365911003904 942.7334839035095 0.0 948.8141725531257 0.0 955.73168498015 958.6818473202538 961.1326504325164 963.6290212720332 966.0860145418932 968.2727412847936 970.7355450151298 0.0
0.0 0.0 0.0 904.8827650775961 0.0 914.1185960802771 911.9920339248634 0.0 0.0 0.0 0.0 940.3392201151132 0.0 945.5014432064814 0.0 951.2526287249889 953.4228574300549 0.0 0.0 963.243444290431 0.0 968.2727412847936 0.0 973.5092807980072 0.0
0.0 902.1595538755847 0.0 902.5022567470149 0.0 916.7794596380974 914.1185960802771 911.9793567821018 0.0 937.6121043228948 940.3392201151132 942.767071992134 945.5014432064814 947.9357543216047 950.9816891503374 953.4228574300549 956.1383588127702 958.9254170546945 0.0 965.6999551066101 968.2727412847936 970.7355450151298 973.5092807980072 975.9786367549616 0.0
0.0 904.5396334002555 906.6579068231382 0.0 0.0 919.5104402800717 0.0 914.0043748970925 0.0 935.1906945449357 0.0 0.0 0.0 945.5014432064814 0.0 0.0 0.0 961.7249072141327 0.0 967.2508527246139 0.0 0.0 0.0 978.7597519912662 0.0
0.0 906.6579068231382 909.308399093387 912.0287351508598 0.0 921.9122301202623 919.096534803284 916.3992752660848 0.0 934.2662332702009 936.8730822160497 939.2965970836875 941.7231443773358 944.1527278913214 0.0 949.9333474882662 0.0 964.1795179588951 967.2508527246139 969.7123778156107 967.2508527246139 964.4859130624643 0.0 981.2356776068708 0.0
0.0 0.0 0.0 914.7612055054199 0.0 924.6689871176178 924.790156800025 0.0 0.0 931.8490047857342 0.0 0.0 0.0 946.8890493639672 0.0 952.3732040291676 0.0 961.7249072141327 0.0 972.7923641657067 0.0 962.030919419547 0.0 983.7147012275 0.0
0.0 918.2284653325371 919.8553789401989 917.1570528596733 0.0 928.1882115118184 928.3398252285442 932.3224975273899 0.0 929.6565085804895 931.4324199053026 933.8491271374162 0.0 949.3250967230313 952.3732040291676 954.8161134436184 956.343279591499 958.948160734058 0.0 975.2608230798279 0.0 959.5789937516894 0.0 986.1968267295364 0.0
0.0 920.4252868990154 922.7982553463455 0.0 0.0 930.5819077095297 0.0 935.2381525075979 0.0 0.0 0.0 936.5709466814922 0.0 946.8890493639672 0.0 957.3765474598521 955.0872462627536 956.343279591499 0.0 977.732370656254 978.7230962696723 0.0 0.0 988.6820579942129 0.0
0.0 922.5316003862677 925.5007801251681 928.2478809829379 930.5819077095297 932.9975507371942 0.0 937.6596216673921 935.2381525075979 932.8197094277334 0.0 938.9940835016641 941.7231443773358 944.1527278913214 0.0 960.1118799636682 0.0 954.9108893174025 0.0 981.2092961841266 982.4489428475628 986.5213415162049 988.6820579942129 991.1703989076188 0.0
0.0 920.129036526748 0.0 928.8774477606232 0.0 935.7181717196778 0.0 940.3868043384766 0.0 0.0 0.0 0.0 0.0 0.0 0.0 962.5644724060652 0.0 957.3569740137455 0.0 983.533330962038 0.0 989.1207082058154 0.0 993.9728959748821 0.0
0.0 920.7114597456059 0.0 931.290958080644 935.7181717196778 938.1402415041118 940.6562725648317 942.8147157553163 0.0 949.6528452202743 951.9149963195285 954.3573324010094 956.5645838270664 959.0127377107337 962.5644724060652 965.0201336578245 962.5644724060652 959.8061193766254 0.0 986.0152295243029 989.1207082058154 991.6095979808476 994.4127132042041 996.4678570559317 0.0
0.0 923.1147523629054 0.0 926.6280101200334 0.0 939.834866021046 942.8147157553163 945.5154704981651 0.0 951.0716809229399 0.0 956.262457453024 0.0 959.2176062713122 0.0 968.0927828717375 0.0 0.0 0.0 983.533330962038 0.0 0.0 997.0017210285658 999.2228329416217 0.0
0.0 925.5210521030994 928.2311501963782 930.6438518357629 934.6876787116853 937.1084590904536 0.0 948.2873935078105 951.0716809229399 953.5129618049756 956.262457453024 958.710233300688 961.467043911902 963.9213320048848 968.0927828717375 970.5553614288842 973.3288436101752 975.7979737948726 978.2701934818032 980.7455065367103 0.0 996.7244290014298 999.2228329416217 0.0 0.0
0.0 0.0 0.0 0.0 0.0 0.0 0.0 0.0 0.0 0.0 0.0 0.0 0.0 0.0 0.0 0.0 0.0 0.0 0.0 0.0 0.0 0.0 0.0 0.0 0.0
