0.0 0.0 0.0 0.0 0.0 0.0 0.0 0.0 0.0 0.0 0.0 0.0 0.0 0.0 0.0
0.0 904.097792385989 905.0313485743372 904.8357994637714 906.9303970649402 910.5240597298806 913.9374616704089 925.3755695261445 930.2376878568381 933.0131132154341 935.8608322294147 939.8078530967692 943.5116255785734 946.7488323402014 0.0
0.0 907.4897293082822 907.5561600798926 907.146446169907 906.278498192616 911.3502186520536 913.6632042607964 923.7696697102301 927.3559836078884 929.5808417358753 932.6716606157371 938.6041782809974 946.0775513223332 949.589355097825 0.0
0.0 909.8681746727839 910.0025104982512 910.7161711635055 909.04739936694 912.8051281975296 917.3357450639417 921.739221476015 925.9682670845466 928.9296387695367 938.417843298513 943.0895045155047 949.0383116407511 953.5938828159133 0.0
0.0 912.2411078042026 912.3199880723636 922.4137703613117 918.882072577396 915.1803198858864 913.9820337877933 923.1310552929799 929.1775477409814 940.6624954239835 944.2123362824283 947.613406703159 953.0824135855427 957.7338921292569 0.0
0.0 914.6239419340642 923.5960533214782 927.6485041882391 923.5565853829155 919.5160107063115 923.0842475353408 928.1774438284109 940.8994145838328 946.3348924051512 947.7897568318015 952.0441206098142 957.4830797090901 961.8910700554945 0.0
0.0 926.0332387955278 930.7167367515167 932.2046491517777 932.7685867886713 928.7594973023997 928.7090016189687 940.8392319433746 946.583899444081 950.3939491751472 954.8476801385143 964.4736789782086 964.2322663017568 966.023013631148 0.0
0.0 930.1100053261091 934.6581228192587 936.9900717410692 936.8847204218462 932.9302880677412 940.8609716820102 946.3181570663027 950.2823197840512 955.006174142717 966.7822873948936 970.4174078188522 967.5621205081113 969.8329719292428 0.0
0.0 935.140270515665 937.3558872941322 939.7183955254843 939.7893849826118 942.832289573499 946.8015144454159 948.5754536917575 953.730268816232 966.0602055468037 970.260850296464 974.8203221588369 978.3922767408366 981.5905933367757 0.0
0.0 938.4107912338475 940.5465377696936 942.4319104430843 942.9711856126039 946.2735969979229 950.6379891056712 952.8432539338445 959.1766646326774 963.189361291425 975.003987150872 978.5408843441073 982.040573426958 986.7221028729006 0.0
0.0 940.5692618475003 943.0059457873923 945.0306429901384 948.1918651872654 952.3000037669207 953.3486182402368 964.9058684001338 970.1508832215243 975.543145408637 980.230765149597 983.0781569330799 986.0948985438063 989.7931825707517 0.0
0.0 942.6593786895762 945.4886327511354 948.4484255180012 951.6373042746585 956.2513882288956 964.2353663983657 969.279614870001 974.8498833108465 980.3553787992518 985.1908121191935 987.7905694821183 989.452790269354 993.8713254096689 0.0
0.0 941.5615028723518 943.7673382706502 945.8591662370007 955.7239986980799 959.40403957541 963.4391514720946 966.8217404884841 973.2912046111533 984.3255408135076 987.9542441014573 991.5211131174954 995.3948612354391 998.0446024190871 0.0
0.0 942.2519939524763 944.7685505755267 947.3270961960762 958.9561919157287 964.0636147064715 967.103598653294 971.1491215162258 975.2825730755198 979.1291950508273 991.0911748473226 995.1007726405647 998.0446024190871 0.0 0.0
0.0 0.0 0.0 0.0 0.0 0.0 0.0 0.0 0.0 0.0 0.0 0.0 0.0 0.0 0.0
