0.0 0.0 0.0 0.0 0.0 0.0 0.0 0.0 0.0 0.0 0.0 0.0 0.0 0.0 0.0 0.0 0.0 0.0 0.0 0.0 0.0 0.0 0.0 0.0 0.0 0.0 0.0 0.0 0.0 0.0 0.0 0.0 0.0 0.0 0.0 0.0 0.0 0.0 0.0 0.0 0.0 0.0 0.0 0.0 0.0 0.0 0.0 0.0 0.0 0.0 0.0
0.0 765.1914805087811 767.6453170014397 770.1638150624518 772.3787347892453 774.5964259206737 772.3787347892453 770.1638150624518 767.9516632647733 767.9107627983674 770.1228633858267 772.3377318523453 774.5553716675499 776.775786302689 778.9989792317988 782.5767653755274 785.2544400525073 787.4882419047947 787.6864944861121 789.9233394494058 787.9623107357015 785.9999677763421 788.2347024709832 790.4722333801033 788.2347024709832 785.9999677763421 0.0 804.5363492262388 806.5875218325594 808.848016729748 811.1113400740046 813.6604108224597 815.929755680846 818.201940059826 0.0 816.3634862751561 814.345528841232 812.0781637714473 809.8136321996255 809.0425866130694 811.3061534131365 813.5725525039937 815.8417874295493 818.1138617381448 820.3887789825619 822.6665427200276 820.967954289494 823.2464427207872 825.527782113581 827.8119760351444 0.0
0.0 763.2303743036662 765.1914805087811 0.0 0.0 777.3713147143391 0.0 0.0 0.0 0.0 0.0 0.0 0.0 0.0 777.1934966955872 778.9989792317988 0.0 789.9792824631487 0.0 792.6877174772817 790.1716016556585 0.0 0.0 793.2719467297967 0.0 0.0 0.0 806.1903952948646 0.0 0.0 808.848016729748 0.0 0.0 820.7609905597258 0.0 818.8884580393255 816.3634862751561 0.0 0.0 0.0 0.0 0.0 0.0 0.0 0.0 825.4442005332196 0.0 0.0 0.0 830.3845522974058 0.0
0.0 761.1950855072868 762.542359123526 760.3397312125577 0.0 779.5952528004866 781.8215872670182 784.0510937588857 0.0 783.3007862060107 781.0722173635339 779.1891159903732 780.0509045165635 782.2781954400745 778.7338785844953 776.9931103990403 0.0 792.2189962801318 0.0 795.2453347046239 0.0 799.2628892817481 797.0143727992562 795.5157804969978 0.0 813.2617295126435 810.9957188534174 808.4503932869764 0.0 822.9232555062525 0.0 826.9191686546797 824.6360904634091 823.039220027393 0.0 821.4799659688547 0.0 815.1649310703414 817.4361584615705 819.7102277289148 817.4361584615705 816.4716093489186 0.0 828.6124986135934 830.3007483503782 827.7282898732261 0.0 837.550607963557 835.2542437946447 832.6748232587389 0.0
0.0 0.0 0.0 0.0 0.0 781.5436817815813 0.0 786.5620782344508 0.0 785.8107146524982 0.0 781.0722173635339 0.0 785.2297242356619 0.0 0.0 0.0 794.461512541791 0.0 797.491637675992 799.7935114429947 801.7952837836089 0.0 797.5750978262149 0.0 815.8138268529453 0.0 0.0 822.9232555062525 825.2041905106396 0.0 829.4904883243024 0.0 825.1206913280304 0.0 823.7590950554021 0.0 0.0 0.0 822.5556597451114 0.0 818.6239030838973 0.0 830.689521073439 833.1235029786596 0.0 0.0 840.136890982123 0.0 0.0 0.0
0.0 774.3306723408211 776.7870540275778 779.317308769692 781.5436817815813 783.7728405442037 786.5620782344508 788.7975162706073 790.5618185904285 788.0452125442008 785.8107146524982 783.3007862060107 0.0 787.4634951622418 789.9792824631487 792.2189962801318 794.461512541791 796.7068347547067 797.0672771183665 799.3158597974533 801.7952837836089 804.3000039295206 0.0 799.8243159165943 0.0 818.0858661758343 815.8138268529453 813.796480083861 0.0 827.7730964133534 0.0 831.7796405869703 0.0 827.4043758767391 0.0 826.0410759050711 828.6111596923421 826.3259670408896 824.043630166307 824.8361347948426 822.8936809894007 820.8994585181864 0.0 831.6199087226832 835.7214487936122 838.343140780233 840.136890982123 842.4393645694379 845.0325283281243 842.7268140962722 0.0
0.0 772.4406867471839 774.3306723408211 0.0 0.0 781.5436817815813 0.0 791.0946433657987 793.3373748522627 0.0 0.0 0.0 0.0 0.0 0.0 0.0 0.0 799.1905764109958 0.0 0.0 0.0 806.8707265853099 0.0 802.0763483439205 0.0 820.6447533061302 0.0 815.8138268529453 0.0 830.0600997872439 0.0 834.0716571542712 832.0340261608769 829.6909178885968 0.0 0.0 831.5061212487996 0.0 0.0 827.4613330960801 825.1810500718581 822.9285834351582 0.0 827.0815184343519 0.0 840.7468626584548 0.0 0.0 847.9534873366115 0.0 0.0
0.0 773.1729655961113 775.054758903751 777.3663092251782 0.0 779.317308769692 0.0 793.0554113436997 795.8616319223129 798.4242381701035 800.6745187484008 802.9276149930841 804.9266862254779 806.7052986667027 804.4474814976604 806.2866537615114 0.0 801.4418158709758 0.0 813.66144985436 811.3949396695881 809.1315758427991 806.8707265853099 804.3311986296375 0.0 822.9228373317885 820.6447533061302 818.0858661758343 0.0 832.3499647769677 0.0 836.6212454843442 834.0716571542712 831.5478181255021 0.0 835.7107691897921 833.7977955746863 834.9373673287699 832.6442688942177 830.0329817537576 827.4613330960801 824.9279667765355 822.6473769655177 820.1146843266675 0.0 843.0500994735929 845.6441228185703 847.9534873366115 850.2657414498955 851.2013634092073 0.0
0.0 775.1564263451236 0.0 779.8791848409788 0.0 0.0 788.1140372793017 790.5149173091816 0.0 0.0 0.0 804.9823686073536 807.2126603489311 809.4704946335855 0.0 808.7766687301312 806.5162629956516 803.6958721971444 0.0 816.2141097859328 0.0 811.3949396695881 0.0 0.0 0.0 825.4885323161417 0.0 0.0 0.0 834.642694963125 0.0 839.2380186570903 0.0 0.0 0.0 838.2468262885643 835.7107691897921 837.6624187791871 0.0 0.0 0.0 0.0 0.0 0.0 0.0 0.0 0.0 0.0 852.7529677932785 853.6346341764049 0.0
0.0 777.3775930574519 779.8791848409788 782.106260901504 784.3390597784382 786.571716260634 786.806036454018 788.8782796398305 790.9120361169506 793.1529170430437 0.0 806.9620685868636 809.4704946335855 812.0168261396801 0.0 811.3224535169238 0.0 801.4418158709758 0.0 818.4866499633426 816.2141097859328 813.66144985436 815.9339353319658 818.2061249407396 0.0 827.772677126347 830.3451980768799 832.6354197961953 834.9285071583026 836.9382939307966 0.0 841.5393675292838 844.1312645761575 845.801139606483 843.4944648506639 840.8639420674128 0.0 840.2057523787362 839.2213283017461 841.5226562901114 843.8268638180018 846.1339544884446 848.4439319089756 850.7567996916446 0.0 852.6291749077009 855.2366804392483 857.558047657015 854.9610189645983 856.0642051296716 0.0
0.0 0.0 0.0 784.3098474725134 0.0 789.0569583927125 0.0 0.0 0.0 795.6767119899513 0.0 0.0 0.0 814.6024058989374 0.0 813.5888730033062 0.0 0.0 819.0229414203297 821.0461011816692 0.0 0.0 0.0 820.7651813307011 0.0 0.0 0.0 0.0 837.2178657026578 839.4879886161106 841.7861459597542 0.0 846.5539888804984 848.6077693152447 0.0 0.0 0.0 842.6313651385834 0.0 0.0 0.0 0.0 0.0 853.3616699258542 0.0 850.313967240983 0.0 860.4971189771904 0.0 858.5245060593768 0.0
0.0 784.4110261530241 784.3098474725134 786.5424674029803 789.0569583927125 791.2955181507726 0.0 787.5263614916937 0.0 797.923554722676 800.4540641617696 802.7068845623731 0.0 816.8729294298419 818.4138800234246 815.8581283499069 816.2141097859328 818.7703624898651 821.0461011816692 823.5775823645264 826.1757712440709 828.1787123026493 825.8940600753276 823.0434160420759 820.7651813307011 818.2061249407396 0.0 837.2903304423577 839.2329214917578 841.7861459597542 844.377952847379 846.7403208922145 848.6077693152447 851.1775646540164 852.1599890780694 849.8453677470545 847.5336389695651 844.9369599398077 0.0 855.5776247254894 857.6990841764996 859.7365998575042 857.4125101301144 855.68069103437 853.3616699258542 850.9643505522907 0.0 862.82506832526 860.4971189771904 860.8499871730647 0.0
0.0 786.6564200177775 0.0 0.0 0.0 793.8166988791506 791.9388798293704 789.7630060885805 0.0 0.0 0.0 805.2441263573969 0.0 818.9536751319577 821.2012604494839 0.0 813.9444095737535 0.0 0.0 0.0 828.4322805256351 831.0021723646664 0.0 820.7651813307011 0.0 815.9339353319658 0.0 839.3464183860603 0.0 0.0 846.5330571465632 849.1129219821926 0.0 853.6922742624178 854.8896373013044 0.0 0.0 0.0 0.0 857.1802997152596 859.9945451566556 862.6087982811229 0.0 858.0760140725461 0.0 0.0 0.0 865.4469241913728 0.0 863.22248657239 0.0
0.0 788.89197609905 0.0 792.0835251619326 794.325871915247 796.2959416494406 794.2183024314337 791.730465072031 0.0 802.6682522766396 805.2441263573969 807.5029403293156 0.0 820.9486950292439 823.7609889700925 826.3629382546006 0.0 826.85973032807 830.1547702091815 832.4447536553891 0.0 833.6144526037604 0.0 818.2061249407396 815.9339353319658 813.9164551238424 0.0 841.6479028935505 844.2399526998465 846.5475602482697 0.0 851.7491099439812 0.0 855.8620386601624 857.3602406607715 859.993090405856 857.6686801454139 856.8154470328456 0.0 854.8594045644033 0.0 865.2661715111221 0.0 860.4009340100741 861.0744805426183 863.4031523150691 865.7347378409887 867.7810669894101 865.4469241913728 865.553846040073 0.0
0.0 791.130329422589 0.0 0.0 796.5265339812743 799.049522813109 796.5145950951126 0.0 797.6269426600624 800.1059868806012 0.0 810.0469323915329 0.0 818.6730780646985 0.0 828.973420826894 0.0 827.7953044756554 0.0 835.0238503770252 0.0 835.9087649818932 0.0 0.0 0.0 0.0 0.0 0.0 0.0 849.1465061370782 0.0 854.066113334802 0.0 857.9969131081094 0.0 862.9400665882357 0.0 859.0321355452169 859.8165636666845 0.0 0.0 867.600088142142 0.0 862.6445696900153 0.0 0.0 868.0401280554294 870.6656893798513 0.0 867.9014878552947 0.0
0.0 793.3714834884832 795.569385485474 797.816093925786 0.0 801.9328253483342 0.0 797.2219063105135 795.7888525860762 797.6269426600624 0.0 812.3117558805112 813.8473832845591 816.1169620924726 0.0 831.2619261082089 830.0447421162454 832.334587889664 0.0 837.3199262658853 835.9087649818932 838.2059481212599 840.793153506325 843.0964482429445 840.793153506325 842.3390296561465 844.8015997044079 847.1099100143482 849.1465061370782 851.460253016629 854.066113334802 856.3860158790147 858.9988090222153 860.3217340704568 862.9400665882357 865.2710726775603 863.867610314114 861.2601983157506 862.2417149842536 864.874991174956 0.0 869.9369250892668 867.600088142142 864.9752060384762 862.6445696900153 860.3168459088481 0.0 873.3345573299133 0.0 870.2387019291878 0.0
0.0 795.3407040515594 0.0 800.3464521178772 802.1830659917837 804.1874960507246 0.0 799.649814185125 0.0 0.0 0.0 814.387459807208 0.0 0.0 0.0 833.7054428836159 0.0 834.9135295571491 0.0 839.7952702830733 0.0 0.0 0.0 845.9784486641399 0.0 841.0803013987457 0.0 849.3067297213399 0.0 0.0 0.0 0.0 861.4861171199487 0.0 0.0 868.071803997767 866.3502706980508 0.0 0.0 867.5375778649286 0.0 872.568790624936 0.0 0.0 0.0 0.0 0.0 875.6785695387846 0.0 872.5788404451152 0.0
0.0 797.5871263539419 800.1171622828317 802.3695611345407 804.1874960507246 806.6955416700191 804.4377366941741 801.9016282669435 0.0 821.4908859810276 819.2145914471848 816.6577143865462 0.0 830.6158432062964 833.7054428836159 835.9998691134502 0.0 837.2094674069452 839.7952702830733 842.097316417061 844.6899987559029 846.7417060173376 0.0 848.2882315078136 845.9784486641399 843.3839554295249 0.0 851.620677080851 854.5160066097689 856.8364720835048 859.1598410425681 861.4861171199487 863.8153039531818 861.4861171199487 0.0 870.6244228424109 868.4703521470703 867.787122817404 0.0 869.8743365959908 0.0 874.9118446672595 876.3461087738617 874.0012623495004 875.9353624411532 878.2826289106741 0.0 878.0255146958651 876.1234210455473 874.9219070622888 0.0
0.0 0.0 0.0 804.6790862950699 0.0 809.5519030515567 0.0 0.0 0.0 824.0545655479845 0.0 0.0 0.0 833.2325377117269 0.0 838.5839695257049 0.0 0.0 0.0 0.0 846.7417060173376 849.3089072954089 0.0 850.8896273256198 0.0 0.0 0.0 849.3067297213399 0.0 0.0 0.0 0.0 866.7297018926625 0.0 871.4103561124807 873.2343028290311 870.6244228424109 870.0387901256919 0.0 872.2140191993391 0.0 877.0785474455597 879.1662780066158 0.0 0.0 880.9262407089922 0.0 880.6131581772999 878.3833503652498 877.1177161965916 0.0
0.0 802.5530823519548 804.6790862950699 806.9371932599046 0.0 811.8161071344541 0.0 821.7750672156327 824.0545655479845 826.3369161054768 828.9074162766465 831.1958389696852 833.2325377117269 835.5263722183732 0.0 840.8845000181044 843.475475363711 845.4399374044899 0.0 848.423888858558 0.0 851.9437575393712 854.5903607637346 853.2055552877391 0.0 854.8110084894074 852.493074212365 850.0813323071703 0.0 862.5758458757814 864.6996131732267 867.0328208974173 869.0654497679037 871.4365104854536 873.5239673226022 876.132417932229 0.0 872.305474412135 0.0 874.5566293334724 0.0 879.1662780066158 881.7785534834127 883.7143799701017 0.0 883.2797520211906 885.930397081388 883.2450037210949 880.6131581772999 879.308257816646 0.0
0.0 803.5886252049622 0.0 809.4803890545081 0.0 814.0831443055433 0.0 0.0 0.0 0.0 0.0 833.2325377117269 0.0 838.1098062016468 0.0 0.0 845.8604405220142 847.9946041903736 848.8172085632818 850.736731562335 848.423888858558 0.0 857.4148453607435 855.3512803731192 0.0 857.4215848692447 0.0 0.0 0.0 864.2301103578383 0.0 869.4065204074053 871.142075764286 873.4699539913221 0.0 878.805987293883 876.4580667898917 874.6481989797178 0.0 876.9021706614672 0.0 0.0 884.2176873768 886.3133582558754 0.0 0.0 888.9571746530702 0.0 0.0 881.4966320806441 0.0
0.0 805.8453677289933 0.0 811.7445036554274 814.0831443055433 816.3530181097293 818.7154883656756 820.9911583961631 823.0216451785636 825.0211305898198 0.0 835.5263722183732 838.1098062016468 840.4097433965939 843.0000505402022 845.3061066594965 847.9033052493077 850.4708546631038 850.9934285805632 853.5815139262927 0.0 858.6008275706231 859.9968836335468 857.4148453607435 857.4215848692447 859.7456859514135 860.8197649698727 864.0044694463265 864.2442970248425 866.5627306160437 869.1898471005416 871.5286732355521 873.32582685293 876.1051203938148 879.0991105859958 881.4503356993417 0.0 876.7676214080752 876.9021706614672 879.2506468509835 881.89562109796 884.2503453485831 886.3133582558754 888.9355690655294 0.0 893.6646717357886 891.3207346814149 889.157440678352 886.796584091651 883.8508570957601 0.0
0.0 808.104934004931 0.0 813.43507367259 0.0 817.9048417593342 0.0 822.9754038606429 825.2742268052165 827.5546262394372 0.0 0.0 0.0 0.0 0.0 843.0000505402022 0.0 853.0418805724469 0.0 856.2243207831053 0.0 860.7518971738319 862.8214688534824 0.0 0.0 862.228947825933 862.977962641423 866.7049169833014 864.3579323695548 0.0 0.0 873.9381348943946 872.027239893304 873.5681962938316 0.0 884.098405925221 0.0 879.0991105859958 0.0 0.0 0.0 886.6076069085482 0.0 891.6268784110624 0.0 896.327114157545 893.6646717357886 890.7615735455236 0.0 881.4966320806441 0.0
0.0 810.3673275659982 0.0 815.7041365775856 818.0682453024427 820.1794974672413 822.5366165872248 824.8170678091808 827.5546262394372 830.1264061815269 0.0 840.5632336052553 843.1896009338503 845.495894228312 0.0 840.6968762705943 0.0 855.360501544134 0.0 858.5469237870883 860.4935240036281 862.8214688534824 865.4110230071993 867.1458063746485 0.0 865.5915634012063 0.0 870.9260023419728 0.0 875.7118937177781 874.1766982668128 876.521764205585 873.9381348943946 874.3023182262449 0.0 886.4558864131153 884.098405925221 881.4503356993417 881.8952130773486 884.2499368174352 886.6076069085482 888.9682270373127 891.6268784110624 893.9937789095749 896.6595035576117 899.0327011346357 0.0 888.0674631683082 885.4141543564753 882.884685819966 0.0
0.0 812.6325519498396 0.0 817.2355462660823 819.3771093184127 821.8172152049415 0.0 823.0247014308734 0.0 832.7378266299708 835.6794551537826 837.97635136894 0.0 848.0933599369517 850.1488524961075 0.0 0.0 857.6820236932131 0.0 860.6291079239186 0.0 0.0 867.8519672321183 869.6989228220743 867.3623833034264 867.9258871792357 0.0 873.2670008434015 0.0 878.2507800031499 0.0 879.4858513172928 0.0 876.6930642636299 0.0 889.1110017624068 0.0 0.0 0.0 0.0 0.0 0.0 0.0 0.0 0.0 901.7055178752254 0.0 0.0 883.060698419934 0.0 0.0
0.0 814.9006106985255 0.0 819.2416691356248 0.0 824.4017795108338 0.0 825.3057633696005 827.8748122322736 830.16194287821 0.0 835.6794551537826 0.0 850.1488524961075 852.7207901326886 855.360501544134 857.6820236932131 860.0064506497861 0.0 862.9572224233228 865.579264291333 867.9135726800857 869.9582498945251 872.5613228272941 0.0 870.3335697672894 872.9747873102248 875.6109285221345 878.2507800031499 880.6009436417922 883.2478183804586 881.8375603404626 0.0 879.0412788085042 0.0 891.4747542671146 893.889984063436 896.2597162757276 896.7740855768532 894.4037105636353 0.0 905.2046241223751 907.2754865891379 909.1507990237227 906.7649569854527 904.0850292839783 901.7055178752254 897.0795424717323 885.416880475014 883.060698419934 0.0
0.0 817.1715073585588 819.2416691356248 821.5179975504591 0.0 826.6845645202317 0.0 0.0 0.0 0.0 0.0 833.3854293412934 0.0 0.0 0.0 0.0 0.0 862.6243394180685 0.0 0.0 0.0 870.2539885249319 0.0 875.2297516421224 0.0 0.0 870.6341539844184 0.0 0.0 0.0 886.1113761669561 884.0159296874906 0.0 881.3924315597661 0.0 893.450349625146 0.0 898.8643339823105 899.5080195640651 0.0 0.0 907.3296559838524 909.6864111822356 912.0722706589352 0.0 0.0 0.0 0.0 0.0 0.0 0.0
0.0 819.186475258746 0.0 824.081715275925 826.6845645202317 828.9702058672289 831.5444122941959 833.8361345318013 0.0 839.2000959691732 836.9016704555902 834.4706359507865 0.0 854.1101014776827 856.7196913573963 859.0429141944301 0.0 864.9549504533762 865.5824429814771 867.9167553475701 870.2539885249319 872.5941461682313 875.2297516421224 877.5761352152481 879.658845450724 882.0107709330196 0.0 887.1185722079815 885.1432871730358 886.2360250334299 888.7333061963174 886.1113761669561 0.0 883.74652619385 0.0 895.8195317442966 898.7839738353257 901.159829658443 901.9652420480257 904.6522312474698 907.0354297350166 909.4216102026529 912.0722706589352 914.7629859146674 917.2482437086474 919.647202972547 921.7753306489078 924.1799544360059 0.0 928.52574537212 0.0
0.0 821.4627346121729 0.0 0.0 0.0 0.0 0.0 836.4171895694246 0.0 841.7887005797538 0.0 0.0 0.0 851.7930431154264 0.0 861.6594468215748 0.0 867.2100411026456 0.0 0.0 0.0 0.0 0.0 879.9584138709617 0.0 884.6596299503046 0.0 889.7267423120844 887.1185722079815 894.1480262311642 891.7364875080065 0.0 888.201334789512 886.1035663917901 0.0 893.450349625146 0.0 903.7349637033235 0.0 0.0 0.0 0.0 0.0 916.7384354743621 0.0 921.8378692791026 0.0 926.8881649850138 928.793566412195 930.9388156240872 0.0
0.0 823.7418421379639 826.5935782813459 828.8791057816978 830.9414407095852 833.2324084782407 0.0 838.7150088756927 0.0 844.0932409958946 846.243154436051 848.553268493153 846.879467316762 849.1903775611524 0.0 863.988850533814 0.0 869.5463900029243 871.6845011510762 873.7423402875227 875.2626284834778 877.6090531937923 879.9584138709617 882.3107141886181 884.9599953646974 887.0178126704627 890.3439621720472 892.4172865259383 0.0 897.6982054123336 894.9282089407698 892.560140696655 890.8261701219967 888.201334789512 0.0 891.0841282434601 0.0 906.1170144587079 908.7998021025037 911.1881902432724 913.5795668576908 915.9739356850904 918.3713004694812 919.1367568400707 921.8378692791026 924.2425713177403 0.0 929.0610110340747 930.9388156240872 933.623061384713 0.0
0.0 821.4627346121729 0.0 830.6875245145711 0.0 835.8126137942653 0.0 841.0157033312428 0.0 846.131925791095 0.0 851.3642624875463 0.0 0.0 0.0 866.3211689153627 869.2794601057733 871.6183983691687 873.9573686516082 876.1540566028913 0.0 0.0 0.0 0.0 887.3659253406438 890.6648755808519 892.6797293246232 895.0443415678297 0.0 900.4189522252983 0.0 0.0 893.3034268279887 0.0 0.0 0.0 0.0 0.0 0.0 0.0 0.0 0.0 920.9756535112833 0.0 0.0 926.9508699976423 0.0 931.2400254641195 0.0 936.3780403797971 0.0
0.0 819.186475258746 0.0 832.97817457027 835.5580220616796 838.1096766243381 841.0157033312428 843.3192765336091 845.8759029693555 848.4419006732161 851.3642624875463 853.6807843375057 856.2897699695733 858.6124548669326 861.1074567437861 863.6690513563627 0.0 873.7135633784907 876.3199454453195 878.7761827076662 881.454769520197 883.6027593973787 885.9596197069349 888.3194290409025 890.4412516623953 893.1910844341738 895.0443415678297 897.7110947017939 900.4189522252983 902.796853817172 900.4189522252983 898.3405123889136 895.6724251098054 896.4189899497821 0.0 911.3911610170059 914.0813718227118 916.4763685342017 918.8743619883235 921.2753559347552 923.6793541278669 926.0863603267255 923.3792767013624 920.9756535112833 0.0 929.3619696848265 931.2400254641195 933.656491962448 936.3780403797971 938.8009358257178 0.0
0.0 816.6296377149613 814.3594182226907 0.0 833.5187397352029 835.5580220616796 0.0 843.6214826597504 843.8251576044302 845.8759029693555 0.0 0.0 0.0 857.2571691300516 859.2444041148824 861.1074567437861 0.0 0.0 877.8146055761463 0.0 883.1042315790222 0.0 0.0 890.2469444557557 0.0 895.672014102195 0.0 0.0 0.0 905.7722061593561 0.0 900.7154012292558 0.0 898.8852071888505 0.0 909.0025192261822 0.0 0.0 0.0 0.0 0.0 929.1356395231301 0.0 0.0 0.0 931.5413292910995 0.0 0.0 0.0 941.5297248533369 0.0
0.0 814.3594182226907 0.0 835.5508379094399 833.2860257268873 833.266576160216 0.0 845.9028569786772 0.0 843.5691347826904 0.0 855.8954419583164 856.2725030765399 858.5951663686777 861.0879855509942 863.269114795719 0.0 877.5216826557621 880.1642234509911 882.8104835224975 885.4604681050221 888.1141824406732 890.2469444557557 892.6121183101797 0.0 898.0439760818024 900.7154012292556 903.0936737533161 0.0 908.1568060169128 905.7722061593561 903.0936737533164 900.7154012292558 901.261189680328 903.9371429343056 906.3194466667059 0.0 929.9346020222487 931.234930481202 933.6513906044268 0.0 931.5494729059167 934.2680557735921 936.688311098634 934.2680557735921 933.9581727962185 936.6801458179372 939.1034192736653 941.5297248533369 943.9590663509011 0.0
0.0 812.092035795519 0.0 838.1306747149283 0.0 0.0 0.0 848.2125452381599 0.0 0.0 0.0 858.1705008124802 0.0 0.0 863.4556354638023 865.8731737626156 0.0 875.1753671313236 0.0 880.4575586493129 0.0 889.9521281862843 0.0 895.2758983231514 0.0 0.0 0.0 905.7722061593558 0.0 910.8424645902196 0.0 0.0 0.0 0.0 0.0 0.0 0.0 932.1868940504929 0.0 936.3729318418073 0.0 0.0 0.0 939.7166586024402 0.0 0.0 0.0 0.0 0.0 946.6951152522495 0.0
0.0 809.8274868880014 0.0 840.4306380216285 843.0209745736316 845.5830035709846 848.2125452381599 850.5251234979673 0.0 856.0699156024023 858.1705008124802 860.4955389766601 0.0 862.9465490832439 865.1361885503067 868.5100421933138 871.0107275368213 873.3518320507562 875.4679239895726 877.8146055761462 0.0 892.3169331514823 895.2758983231514 897.6473646623946 900.6146648866728 902.9928113642587 0.0 908.1568060169125 0.0 913.233408614982 0.0 920.6291169655047 923.1242841389114 925.5305958057519 927.9399183730765 930.1312836858162 932.5463628696074 934.6045453193248 936.3729318418073 938.7958208956634 941.5246027242118 939.0983035456012 939.7166586024402 942.1437314985893 944.8772253847552 942.4467364752517 0.0 954.3165331359465 951.8742480408004 949.1309199510137 0.0
0.0 807.5657679591235 0.0 0.0 840.9734009989471 843.0209745736316 0.0 853.1296676566919 855.5227871470928 857.8445123562358 0.0 863.1141161182744 0.0 864.0775469511784 867.5049534191829 869.8452321021101 0.0 0.0 0.0 875.4679239895726 0.0 889.9521281862843 0.0 895.2758983231514 0.0 905.6712018102985 0.0 910.5443896080247 0.0 915.627344311447 0.0 919.8932962645924 0.0 0.0 929.7076937527702 0.0 935.0090760160083 937.0614461682363 0.0 0.0 944.5983229386004 0.0 0.0 0.0 947.9562532960065 0.0 0.0 957.0671597802672 0.0 0.0 0.0
0.0 805.025263133898 802.7695454843914 800.5166467772094 0.0 840.7177741555192 0.0 855.1391024152988 0.0 860.4593582780947 863.1141161182744 865.4453399872914 864.7743753613838 867.107676631856 869.8452321021101 873.6035392499159 871.2621201806209 868.923627153652 870.8083144667361 872.8671430593193 0.0 888.1141824406732 890.2469444557557 892.6121183101797 0.0 908.0556752860372 910.5443896080247 912.9349606660928 915.627344311447 918.0242754229478 920.3368946560133 922.2955651538124 0.0 929.8161785172134 932.1222429191275 934.7528503496653 937.1737122745274 939.7417429955334 942.4289865243637 944.859453224219 947.0315040233585 949.771877264588 951.2933895259906 948.8548824158607 950.3936359953257 953.1387413102121 0.0 959.515942512725 962.273887129198 964.4563739350361 0.0
0.0 0.0 0.0 0.0 0.0 838.417452018359 0.0 857.460347538441 0.0 0.0 0.0 868.1547543649568 0.0 866.9271290833517 0.0 876.7103537998887 0.0 0.0 873.0644956806912 875.1477617197087 0.0 0.0 0.0 890.2469444557557 0.0 909.630090595145 0.0 0.0 0.0 920.4347446823053 922.783962190184 924.9456736972106 0.0 930.6851425663365 932.8324956333661 0.0 938.1852310159942 940.3409258564078 0.0 946.9511094259394 0.0 952.3638893881482 954.2299502426348 0.0 0.0 955.9257467685045 953.752737384249 0.0 964.4563739350361 967.1872132816806 0.0
0.0 828.263934580793 830.7428018451752 833.0335210667032 0.0 838.4837459084664 0.0 859.784497122448 862.402073499531 864.4734805437969 0.0 870.492285338887 871.8940411757045 869.2631239896122 0.0 879.0585899783171 876.7103537998887 874.3650521830431 875.1477617197087 877.7544509577185 880.7231555202849 883.0764127218868 885.2313344909667 887.5902325571466 0.0 912.0195176354293 915.0465269421439 917.4427313051846 920.1414594673128 922.5440388710506 925.2132862788668 927.6244783183934 0.0 932.8324956333661 935.5193738453651 938.2770546602101 940.3409258564078 943.0382417227912 945.8066352372738 949.3872344377336 952.1309232804712 954.573529540832 956.9084405199193 959.6918359393645 961.4353567344291 958.6447274795349 955.9257467685045 953.4814506590712 0.0 969.9900136620752 0.0
0.0 826.7339367518292 0.0 835.6134464562144 0.0 840.7841509959393 0.0 0.0 864.4734805437969 867.0653311997853 0.0 872.6575216717707 874.740335064799 0.0 0.0 881.7032939125054 0.0 0.0 0.0 875.4078445456245 0.0 884.6866523102071 0.0 0.0 906.9461359941301 909.3322047328616 0.0 915.0465269421439 0.0 0.0 927.6244783183934 930.3378198637727 0.0 0.0 0.0 940.7890524524562 0.0 0.0 945.6483945388736 0.0 0.0 957.0326540254918 0.0 962.273887129198 964.4563739350361 0.0 0.0 0.0 0.0 972.4549661316223 0.0
0.0 829.0196398758931 0.0 837.9102600779064 840.7841509959393 843.0874344681565 845.9694207947546 848.2791923422956 0.0 869.7254803636154 872.3974953558953 874.740335064799 877.3464579289484 879.8162440655735 881.9525664847708 884.0577775134968 886.4237990902402 888.4928238194325 0.0 873.0641706584144 0.0 887.0448688421269 889.7008131619227 891.8025825014421 0.0 906.9461359941301 0.0 912.3549596263283 909.9651133883549 907.2806879181536 0.0 933.0923251693871 935.5106897148594 937.9324998871753 0.0 943.2174671827521 945.9524723113047 948.1697550756395 950.3351417792876 952.7449485565913 0.0 959.4813935825807 962.0014172067995 964.4563739350361 967.1872132816806 969.9900136620752 972.4549661316223 975.2311219347246 977.7026323475558 974.9230028760312 0.0
0.0 831.3082029888509 0.0 835.6134464562144 0.0 840.7841509959393 0.0 850.8805754378182 0.0 0.0 0.0 0.0 878.9865485362217 881.542644132071 883.9492422838376 886.3435257128875 888.7547223687158 891.1144309193647 0.0 0.0 0.0 0.0 891.8025825014421 894.4324240173572 0.0 0.0 0.0 909.9651133883549 0.0 904.8971829345018 0.0 935.2088137918553 0.0 940.6600666240389 0.0 0.0 947.6932139234658 950.3478601959612 952.7449485565913 955.4895489640103 0.0 961.3843725101101 0.0 0.0 0.0 0.0 969.9900136620752 0.0 980.833627726428 0.0 0.0
0.0 833.5996296692673 831.3082029888509 833.5423676395693 835.5777049692198 838.1612112013997 0.0 853.1964920737513 855.8047960827646 867.1358831649502 870.2213653781546 872.5614822017008 0.0 882.8505196864588 885.6500014241166 888.2220182403553 891.1144309193647 893.775653786143 896.7737242896612 899.1470647855191 901.3454711934976 903.4601919934014 0.0 897.1315651478092 899.842746033795 902.2199266469503 904.6000817103222 906.9832149456956 904.6000817103222 902.7478910833407 0.0 937.6302462415447 940.6600666240389 943.0883199606556 945.5529951157708 947.9873707352851 0.0 952.8204301353896 0.0 958.2794327598876 961.3843725101101 963.8385571603981 966.9925241930979 970.9040662612686 973.8591051987954 976.328898873969 0.0 981.8339707835707 983.3121482816413 986.1035851582021 0.0
0.0 836.1803518352367 0.0 0.0 833.2838063126726 0.0 0.0 0.0 0.0 870.1510833488537 0.0 875.1970417022937 0.0 880.6098938889978 0.0 885.862330639455 0.0 891.4090258758879 0.0 900.5702946506751 903.4601919934014 906.1062390403281 0.0 0.0 0.0 0.0 0.0 0.0 0.0 0.0 0.0 935.2088137918553 0.0 945.2495055894891 0.0 950.7290893227785 0.0 955.2638991420655 0.0 955.8321952783081 0.0 960.7190491643058 964.3988115135286 966.9925241930979 0.0 979.1105070909656 0.0 984.128970832027 0.0 988.937629363816 0.0
0.0 838.4778747979934 841.0654629095767 842.9625899894817 0.0 857.9499187040373 860.5649129813461 862.8929471567482 0.0 872.4911122319229 875.1310907882762 877.5433843470663 880.2984520104366 882.9630093718417 885.6132086287334 887.9725845154059 890.5986943086026 892.9643082904703 895.5272925516153 897.8990734482013 0.0 908.822012737811 911.5499003818504 913.9417295865325 916.3365515704995 918.7343700784706 920.9150079086032 923.3185552157961 925.7251099645645 928.1346759179735 930.29314841727 932.5132424278814 0.0 947.6835014673537 950.4247923703391 953.1699415366458 955.9189543966331 957.7104255423933 955.4678662099803 957.9146478243573 955.5164474460572 957.9632898477663 0.0 964.5343980693876 0.0 981.5868715893275 0.0 986.6116146894243 988.937629363816 991.4262900612181 0.0
0.0 0.0 843.4554060026373 845.5057401212033 0.0 855.6280617698907 0.0 865.5148985597505 0.0 872.4549674412619 874.6028233068278 876.6434137564182 877.803799445625 0.0 0.0 0.0 0.0 0.0 0.0 0.0 908.668849605638 0.0 0.0 0.0 0.0 920.4958176884453 0.0 0.0 0.0 930.1675433301875 931.8546500702884 934.4670733250516 936.8357250656281 0.0 947.9873707352849 0.0 958.4859931499464 960.6642669717124 0.0 960.9701137263753 0.0 0.0 0.0 962.0793438353595 0.0 984.0663346418665 986.5970735024649 988.8066131237556 0.0 994.2291472856069 0.0
0.0 842.9119112708976 845.5057401212033 848.071223252542 850.7043100744555 853.0200061581322 0.0 867.8491264108011 0.0 873.9792686934542 876.5146252547498 879.1015917710814 0.0 893.9064522490507 896.5392184062881 899.2413612460207 901.6177893757078 903.9971910140657 906.3518859551081 908.7372111377346 911.0570738919313 913.7468144826378 916.0641954818259 918.4616732039002 920.6855459852983 922.8988404833507 925.4035965365551 927.8127601958852 929.9569185322168 932.3717795413913 0.0 936.8357250656281 939.5552746576567 942.3220893209466 0.0 957.9085846506698 960.6642669717124 963.3898348167651 966.1872247849051 963.4237800348417 960.9701137263753 958.5195137342154 956.8731326905605 959.3216726463796 0.0 986.1604106799066 988.8066131237556 991.5713023395848 0.0 996.7244290014298 0.0
0.0 840.6088471478397 0.0 0.0 0.0 853.8425461894767 865.5996887702111 870.186274967371 0.0 0.0 0.0 881.7761908035545 0.0 891.8023455361865 893.9064522490507 0.0 0.0 904.2186624268085 0.0 909.2847876941269 0.0 914.3643912587282 0.0 919.8745115053063 922.2052715422724 924.5120514940952 0.0 929.9569185322168 0.0 935.0915197745719 0.0 0.0 0.0 945.0982740984534 0.0 955.4618106133659 0.0 0.0 969.3425233498868 0.0 0.0 0.0 0.0 0.0 983.7589687435926 986.9663527595459 0.0 994.408844575572 997.0017210285658 999.2228329416217 0.0
0.0 841.8460088315421 844.3052661651675 846.612955437146 848.9235322082135 851.2370000913569 0.0 874.225797284768 877.0758649484226 879.4245584731327 881.7761908035545 884.1307656168723 886.782608446536 889.1434475461939 0.0 901.838984018377 904.2186624268085 906.6013184108259 909.2847876941269 911.673782673724 914.3643912587282 916.7597420986415 919.4575089792795 921.8592325891135 924.5120514940952 927.2084471005531 929.9569185322168 932.3717795413913 935.0915197745719 937.5128054599755 940.2397814927981 942.6675089471182 945.0982740984534 947.5320807477258 950.2731585317723 952.7134402616667 0.0 969.3425233498868 971.8066656463706 974.5819089910465 977.0526070753696 979.5263966237621 982.0032815044224 984.4832655903889 986.9663527595459 990.9795960227507 993.9724671413903 996.4674276858614 999.2228329416217 0.0 0.0
0.0 0.0 0.0 0.0 0.0 0.0 0.0 0.0 0.0 0.0 0.0 0.0 0.0 0.0 0.0 0.0 0.0 0.0 0.0 0.0 0.0 0.0 0.0 0.0 0.0 0.0 0.0 0.0 0.0 0.0 0.0 0.0 0.0 0.0 0.0 0.0 0.0 0.0 0.0 0.0 0.0 0.0 0.0 0.0 0.0 0.0 0.0 0.0 0.0 0.0 0.0
