0.0 0.0 0.0 0.0 0.0 0.0 0.0 0.0 0.0 0.0 0.0 0.0 0.0 0.0 0.0 0.0 0.0 0.0 0.0 0.0 0.0 0.0 0.0 0.0 0.0
0.0 849.6580150891516 850.19763978955 853.2503213453828 863.5825311725927 868.294498244727 870.9384880454099 873.6772058645776 877.3672074984343 880.1606538024665 883.1548496553129 886.1460857771558 892.8436558002226 896.967865694523 896.8724536575253 900.0383599958285 911.1518759267511 913.1441956391152 912.1044557041945 909.9899681775498 906.8127154644521 905.1517058466046 906.4631748679618 909.6300235960824 0.0
0.0 851.9049494359211 853.3056992130912 855.7853886416823 862.5592929907731 865.8442267730229 867.7568586465378 871.9217294602671 873.8121016442661 884.036522970081 887.0843685944571 889.1689628160806 896.8153786071882 900.995027977686 899.541924209201 911.2307166326343 914.6833566301674 917.0431532897784 914.6313222459003 912.1930866650847 909.4909171380924 907.1639694724879 909.2211095161762 912.4153066435512 0.0
0.0 855.1731805124443 855.1278553889327 859.8229180939319 862.9098314027102 866.7700201352078 870.3284836464513 873.7812309363773 884.0873744226448 888.4171241185476 890.6921178242111 893.089812401071 904.3550653959461 906.3299967797474 908.7965701304117 913.933391894196 918.3418381192721 920.0383093969751 917.0290191378044 914.0313924448203 909.6657857906013 911.2545520642326 914.545798571995 916.3336194559498 0.0
0.0 857.5001340492262 855.9773785411318 857.7819882015107 860.0356155673477 866.9235012187834 873.0091462845293 876.3952536524358 887.5933921438148 892.1629790338504 893.0425110938713 904.4852337305836 907.8991822557997 910.9060915799341 914.0817327335334 918.5450077845566 921.0811626129704 923.028979926169 923.550882636427 920.0571670875897 912.0495928590313 914.5593278108261 917.1293046010128 920.0810380317298 0.0
0.0 861.1408040408731 857.8837519909738 856.3084570293993 866.5896245406547 870.4858978169173 876.3587993283763 880.0188439256369 891.4555615206851 896.1179333093061 903.8815788373931 907.6329831124557 911.4634495211444 914.4021498655027 917.4419017855662 922.0720397802017 924.6845861369738 926.7395377949881 927.5858064936843 925.2761256076001 922.5041648862957 916.4690472720769 919.4803954621393 922.8525085119105 0.0
0.0 872.8856993462315 869.0072207710291 867.2842426616875 869.667037402597 874.8315193690831 878.2194749861853 883.0397729645042 894.9702637149707 900.3550462808854 903.7672860429908 908.2414354904081 910.6518822952012 912.7433774739409 920.9725975290365 924.7292337797054 927.1625494709867 929.3014584224042 930.3921943440516 928.8690408742993 925.3175952397598 922.4808645689077 923.0776089067008 925.6799942503789 0.0
0.0 877.9662120110515 873.328633111204 871.3597150665855 868.1619983939911 870.8405782952876 878.3367805892002 881.5380950529704 892.3933947101377 896.3168141923285 904.9345452775152 908.6678293009156 912.2339981068111 915.4956105349132 922.6881672063903 927.1864611456546 929.61071486486 931.8465209150173 933.134336166555 931.5360771957916 928.0009179267145 925.0428891973096 925.1057657170185 929.54092804678 0.0
0.0 880.8957169539269 877.3194707565449 874.9809822127189 877.7935644101831 877.2660034847542 880.6547494739731 884.100307125061 895.3900646920381 899.893578851387 904.3129552006333 908.6796657504134 915.8737049651762 918.5271349100669 925.6815311875164 929.5408145251847 932.0486986448935 934.382245141365 935.9139322013077 934.1950266665089 930.7112839578174 927.0739883649908 928.9409698924171 932.5096638385592 0.0
0.0 884.8223469775114 880.5013345824167 878.9354229246225 881.6867999744928 881.377648808867 883.2426390294492 887.2763936692702 899.3495129382314 904.5335925477187 907.8284385196732 912.9667397395565 917.4638872290434 922.6173258488659 926.0857288795834 931.1468178151644 934.4879691994558 936.9028757755625 938.7425710056319 937.961921386652 933.8871566072532 931.0494597164069 932.544349925029 936.499931842886 0.0
0.0 888.8469859744838 885.9569544726215 888.6960186441655 884.4238289646787 892.4689662818914 890.4297871537365 893.8402627356829 898.8668499638396 901.8792387943108 907.352911864674 909.4344590354389 915.0384112573522 918.2057112190938 923.2993705312435 934.3634180169489 936.9722310810956 939.3983293406833 941.495968179588 941.9246891868427 941.8411588353858 944.1853756429327 941.8658809203397 940.5435536715105 0.0
0.0 892.6977881935527 888.7392496390979 893.0617847584946 896.5033120253528 897.2235861257685 894.3662352038384 898.2601710305978 902.30176153059 906.2035592938516 909.31762958396 913.6355929123491 915.453098266985 919.6869885393812 930.88628711184 936.0725108829054 939.4368183082663 941.8660613545308 944.1338821680281 945.5446824299884 945.0935477463603 949.4532562203901 945.2971232255088 943.932496441172 0.0
0.0 895.5608459889016 893.8655806657233 896.6667327931838 899.2164708133951 901.170818765758 904.1318396350572 907.366976657283 911.5823686842847 913.7054431911967 913.8689472785832 917.468715215265 919.1883858028247 922.8620353234367 934.3296226041132 939.2562585690256 941.881243130369 944.3160014726587 946.6736096896328 948.2117895164425 950.9566927664607 952.9569922301056 952.9697632655765 955.2032750706588 0.0
0.0 899.2707031609802 895.5403080938355 898.8594296475993 901.6672915574047 904.5499531431038 907.6062485889635 911.8832923500788 916.4880304572349 918.5971680762094 917.7889778088665 922.3552147653057 921.3455253053157 925.6163241556071 935.7405472800315 940.8521043246492 944.2858518961386 946.7584730679937 949.2118160283053 951.6247776540025 953.4909052427183 957.9013254160474 956.2619526554431 960.1811668429291 0.0
0.0 902.1134673882724 904.3642704625194 906.6058421311686 909.1015372491394 911.552297058151 913.9774831155214 916.7176920980443 919.1979885643759 922.4886072953277 922.3942175706085 926.5836810613099 926.5869799644869 928.4202020824962 933.6538158720819 943.4149275096039 946.3718121268683 949.0612727833172 951.6558174188913 954.1351048536377 958.3142378663046 961.1073760160423 965.8006482917224 963.1237477540561 0.0
0.0 905.3382649862598 907.8743886906282 911.2119718978802 913.748172102267 916.1995782328877 918.5852242227459 920.274602699228 923.8031969096324 926.4433757538072 930.7449527858233 931.7698441285709 928.7688839319578 932.6603435665953 936.6334915238126 941.7762766344165 946.4252884285985 950.1178382647331 953.8016135999628 957.4938642775859 960.3952104157752 965.5759495606299 969.181630414276 966.3716223587122 0.0
0.0 907.3465280544963 910.161436468862 913.7035511444889 916.1533511564136 918.6054453703955 921.0728898243592 923.5735728579873 926.3214099877056 930.898417916956 933.5703855350021 935.8163311317123 937.1441246755008 933.4702597870156 935.8746249446036 940.4007493901009 945.4311116711664 950.2339091550474 954.9759870787686 957.2363877719711 958.6718635042637 969.8835202155927 972.4475325069241 975.8318411510767 0.0
0.0 905.9280816463084 912.2413109509346 915.7529219988733 918.1224907245066 920.4770165896147 922.7850500140491 924.1448366982996 929.5240742462674 933.3060316273964 936.043020651952 939.4794188709748 941.3193121155153 937.3819903653242 940.2839228325946 945.0179007785104 950.1460326357683 954.9339839713825 957.6364842119422 962.0407501235311 967.9426689432024 973.3975462958168 977.0652751581504 979.8532679212242 0.0
0.0 908.6498490063167 914.3788607227107 918.0224489741183 920.4558487043198 922.8858274147061 925.3094680562895 927.1761201009684 930.7946437625673 933.1701458703941 939.4132890422649 942.1057580424234 944.4705422082196 947.2063780768908 944.2616766610931 946.097663983315 954.0963422411397 957.6407789518221 962.6768328733443 965.434675579745 971.2915993944905 976.3324796785312 979.1695188995618 982.6790608953886 0.0
0.0 911.4480491796664 915.5396650510354 920.0242020214127 922.5731592703568 925.1536194876588 927.7881375118537 930.4946438066373 933.3659306707059 937.3578245535426 940.6573518681681 945.2543219660051 947.9833080704456 951.4790157805886 948.3491026767748 950.0146370057332 958.260691116419 962.1560795268833 965.3008546270179 969.7587952905259 972.0641542340575 976.3542071976898 982.0179423790582 985.5985833006418 0.0
0.0 909.6559454969888 918.0167628560994 920.853758558853 923.2917646672513 925.6160743689301 927.9119351628199 930.1671433085327 932.3640878441854 934.5422559364399 942.5696714475927 946.0430122889576 952.0387536736529 954.7490089426191 959.1965550092857 961.767165422664 959.873150837277 961.1543812981338 969.9520503181429 973.6186572889194 976.2746853068495 980.9076648473967 985.0702669381282 989.6567722538035 0.0
0.0 913.2525549706158 916.9972620346933 921.4070315800484 924.6680622672035 926.987079078952 929.2924854174801 931.5850789507172 933.279884141932 933.40899233026 945.1494151614392 950.4149532274089 953.9520845893308 959.2299819884803 963.0087452329752 965.9060332940344 963.0546650649014 963.7948494778619 973.9986389949889 978.4667247247031 981.2219274557326 985.6973274751294 989.3191402324367 993.8457720702322 0.0
0.0 915.0521941675677 917.9067846505952 924.1143717324326 926.7581719424084 929.2039930314913 931.6445244975076 934.0767007404053 935.8946151413444 938.786870522398 943.0938374822772 946.013516475964 951.2193342556491 962.1017698190063 965.5751467795944 969.0844577143099 972.0844393159672 975.2042347375861 980.0783059882253 983.4086463166616 988.2160387933417 990.5408844007524 995.2860813492301 998.0325291931875 0.0
0.0 918.2177079374794 921.0135694659475 924.9317143264575 928.5685814929611 931.2080065374971 933.8749346603544 936.5734993624673 939.3087392044423 942.1620671988214 946.1402256262157 950.0822606627593 953.0308965548057 956.827200321373 968.7514967521885 972.7380693986028 975.6631618368652 979.708679281403 983.87497393757 987.9580096008294 991.0141149582983 994.9812595076444 998.0325291931875 0.0 0.0
0.0 0.0 0.0 0.0 0.0 0.0 0.0 0.0 0.0 0.0 0.0 0.0 0.0 0.0 0.0 0.0 0.0 0.0 0.0 0.0 0.0 0.0 0.0 0.0 0.0
