0.0 0.0 0.0 0.0 0.0 0.0 0.0 0.0 0.0 0.0 0.0 0.0 0.0 0.0 0.0
0.0 849.7070555042624 852.0215042682265 854.338848756861 856.659092701235 858.9822397875217 861.3082936794915 863.637258030899 865.9691364922423 868.3039327144207 870.6416503506986 872.9822930577539 875.3258644962361 877.6723683310596 0.0
0.0 0.0 0.0 0.0 0.0 0.0 0.0 0.0 0.0 0.0 0.0 0.0 0.0 880.3151212109145 0.0
0.0 911.429673431973 909.040983512663 906.655278709473 904.2725552919406 901.8928095342649 899.5160377153016 897.1422361185563 894.7714010321788 892.4035287489578 890.0386155663139 887.676657786294 885.3176517155646 882.6678678591492 0.0
0.0 914.1199384424472 0.0 0.0 0.0 0.0 0.0 0.0 0.0 0.0 0.0 0.0 0.0 0.0 0.0
0.0 916.5149834104683 919.6700710122179 923.2805286476246 926.9338308822872 930.5338087567011 934.0601199958697 937.5034527844548 940.858053493659 944.121387254639 947.2944922861464 950.3876171077143 953.482441280462 956.545545747217 0.0
0.0 921.8626707417739 919.011335564723 922.315177123152 926.4316438317423 930.6569906026773 934.8824278573168 939.070085076631 943.1884009583079 947.2062305586829 951.050940082833 954.161432305389 957.5409933470269 959.3765638678076 0.0
0.0 926.8760729626562 922.895356059831 926.8711505023086 931.080736080996 935.324968519695 939.5604266728651 943.7572688663038 947.8846309138388 951.9165670528939 955.836224427818 958.825197892575 961.3094939055612 963.1838086862433 0.0
0.0 929.7846686728099 932.1998611127154 935.0564567745122 939.1241243369839 943.4999215368732 948.0967252449362 952.9006040120953 957.8417344287376 962.8263669406331 967.4088114486556 970.3482740629008 972.8488415269485 974.8835432398924 0.0
0.0 933.02354122527 935.68847932999 939.578566851961 943.7641918714669 948.1563546842335 952.7606515798227 957.5792691325015 962.5383008390389 967.5848816409928 972.3281591746778 975.1207889522497 977.6278565795789 979.8612087108171 0.0
0.0 943.3015029462298 945.4506764438673 948.0488956607682 950.7420739395667 953.4974952963519 956.440809180764 960.1990866980294 964.5252668881536 972.1107384506599 975.0398682212372 977.6278565795789 980.1365803466448 982.6176815419251 0.0
0.0 947.7166669483971 950.0810455743596 952.7267766484771 955.4274142679559 958.1705771679564 961.0391899893958 964.8330526761067 968.8282224171664 972.9444053284466 976.8178392521259 979.8612087108171 982.6176815419251 985.4085720461172 0.0
0.0 949.8582025367539 952.4859178666563 955.1632651529401 957.8688296067245 960.6050593126213 963.3772864964637 966.182668260001 968.9187138793327 971.5488030723377 974.0368209723648 0.0 0.0 997.2506873281679 0.0
0.0 950.4961156113827 953.0164154509307 955.5264418825121 958.0186938809688 960.4874002559412 962.9257551864886 965.3254270800321 967.6773878322858 969.9842808699888 972.2536608910789 983.507559750902 997.2506873281679 0.0 0.0
0.0 0.0 0.0 0.0 0.0 0.0 0.0 0.0 0.0 0.0 0.0 0.0 0.0 0.0 0.0
