0.0 0.0 0.0 0.0 0.0 0.0 0.0 0.0 0.0 0.0 0.0 0.0 0.0 0.0 0.0 0.0 0.0 0.0 0.0 0.0 0.0 0.0 0.0 0.0 0.0
0.0 808.0267547229375 811.4682384719488 813.9725502253117 816.2605323672103 818.5091047968873 820.748059797005 822.9826142159181 825.2191882275579 827.4959345961536 829.9837768752492 833.1300231944184 837.0234241061323 841.0056387639554 845.0027157354315 849.0055198957543 853.0045754928603 856.9140577057556 859.8747380284275 855.8007933868428 842.6994229546902 829.5847743826894 816.4610005708369 803.3315413238613 0.0
0.0 807.6022664666622 818.5755735817761 822.8355890899295 825.4617507494828 827.80977014504 830.1063412730273 832.3471064652084 834.2846894881189 834.8954585949683 832.1409717389582 829.3414751259553 832.5633389259419 836.4665169783358 840.4577871794675 844.5306479184501 849.2863211679229 860.8253524453347 864.2073628692568 859.8038387971519 846.4239892732447 833.0718378195654 819.7436930000497 806.4373242603434 0.0
0.0 818.5665209711016 823.9424823212554 827.5728984182781 830.0328820991481 832.3555027003866 834.6554921203159 836.9299831002991 838.9979444941011 839.8642830838955 836.6913189053364 832.2182513204077 820.7623659715058 823.214637023498 827.9923555584492 839.6421351006991 852.0555149871169 865.3164532145953 869.7653987291139 865.2133646988456 851.6825721114918 838.1808471809072 824.7069695615993 811.2647031119138 0.0
0.0 822.7449723668681 827.5327540662105 830.0059553609051 832.3398834253719 834.6510687171475 836.9542944073401 839.2542602392987 841.4491958242679 842.6713284170199 840.2781202708654 835.6690279786252 822.3616400944709 818.3847268018006 830.7169995083801 843.9515094822593 857.3663873299512 870.905844255627 875.4823197194199 870.8954408292365 857.3202654293596 843.7663558726964 830.2346503067849 816.7748182788685 0.0
0.0 824.88488387469 829.63103673376 832.0859657812392 834.4991430210943 836.8857047902883 839.2413009208168 841.5687582151296 843.8749118089231 845.4288908149589 843.140458877766 838.6401496832473 825.8337595769724 823.1887743962458 835.9811492569512 849.4899242474215 863.0439504883618 876.6292358346957 881.2266908652056 876.6281859481373 863.0384400881319 849.4667978848249 835.9194437887008 822.8823014449721 0.0
0.0 825.3407066119962 830.404512080138 833.1997571694709 835.9292632636414 838.6628161185746 841.3194729165165 843.8681491462024 846.276084423055 848.218287391671 846.1451964320744 842.0316221579461 835.2214625286066 833.9940510872459 841.6433788596313 855.1996318314501 868.7784095609749 882.3760826237187 886.9823253617795 882.3759766751505 868.7777713925075 855.1973735214445 841.6930666058281 833.0298060386849 0.0
0.0 821.5757824729978 827.1383942468 830.8278477459459 833.8686309779347 837.5917062616428 841.4398614319856 845.3611964933882 848.6444562224227 851.0327845774088 849.8363744595773 848.971273435336 848.0812034177127 846.4405072980736 847.3805434360004 860.9397745556066 874.528064808108 888.1336089561967 892.7472405378214 888.1335982965265 874.5280347241296 860.9454005601156 847.957690220862 845.5017405674939 0.0
0.0 809.5619741220474 821.6553311264144 826.1369894249071 829.3894487940776 833.1386754282178 837.6314099122133 848.0692590666698 859.4201597028301 862.8059929833408 862.2447060361743 861.423057314062 861.7487068599246 859.6895380222671 853.226246878504 866.6917111213148 880.2875016535917 893.9003369796148 898.5212043709697 893.900336224779 880.2879239584927 866.7505264645863 858.9087961898572 858.7651944841626 0.0
0.0 803.2943233853309 808.9560356304679 814.2991312876868 821.4058109569877 832.7046693148367 845.5954509296977 859.5503894143586 864.9946471759771 867.8824735936163 866.8596395288622 865.8610052123925 866.6285768090924 864.8192444241811 859.9891397507885 872.4530162329729 886.0560426942544 899.6761052213735 904.3042005979121 899.6761083251299 886.0603060932034 873.0327539641476 871.5337533371847 872.3342878075933 0.0
0.0 816.1042448945482 822.5205824683462 827.6100886057651 831.3536867535264 837.5798924598331 850.4845030987633 864.1095936993394 868.7739041059605 870.7084964361924 869.1925250201998 867.9748903906803 869.2863111491487 868.6563244993116 864.7477231614405 878.2234731802544 891.8336134748874 905.4609052978886 910.0962393200911 905.4609371213578 891.8758430060911 883.9337311376273 884.8493316618976 886.0383764980355 0.0
0.0 828.8358666679596 836.2281288184372 841.3263877759255 844.5961056620253 847.7025137016714 854.9862889528188 868.0320884420872 872.5795506774549 873.4805432513638 871.494062407653 869.9960643860895 871.867933910959 872.5304360256312 870.4565398866748 884.0039336281471 897.6202131697627 911.2547339505189 915.89733140942 911.2550494000071 898.0384132131259 896.4450527881575 898.4348324688375 899.8081762423151 0.0
0.0 841.4614283269407 850.073723222609 855.1201786177897 858.1858338393629 860.7535441437084 863.7802003037032 872.291923224247 876.5045530171167 876.185672302505 873.7747113421822 871.9146658581835 874.3612819317168 876.341617984544 876.5995854577855 889.8031460677258 903.4159340377048 917.0574799684832 921.7074625284064 917.0606057975482 907.5573675308489 909.631350781443 912.1485671780447 913.6182428329216 0.0
0.0 853.9502836425844 864.0956214825321 868.9502613454754 871.8343955649297 874.2857073733949 876.6878855275836 879.6103985746067 880.5450966266194 878.7947620032672 875.5241762111721 872.9982232851359 876.7648638336191 880.0308149803963 885.9890168746782 895.7070932466498 909.2225901024389 922.8681480893296 927.5263585590337 922.8991222200709 919.7583096454049 923.2266365165472 925.9333493192813 927.4576307718044 0.0
0.0 866.263135286027 878.3506719697568 882.7963621652111 885.4918947571521 887.8983126779949 890.2323129922154 892.3458754471995 893.3688952513636 890.3446467051702 878.8919795302986 871.7063962970468 880.8362806437216 892.1818096817284 898.0140138173125 902.5532026487989 915.0662096003988 928.679079880864 933.3511114303361 928.9860054105699 932.595528462984 936.9895392717403 939.7522410124811 941.3211609868678 0.0
0.0 878.3486185450181 883.9084436616378 887.6232354219144 890.1395104358312 892.5218522570485 894.8772755236594 897.1022456752577 898.4961362466742 896.0157473904932 890.5272540543605 883.2701990811588 894.0517362272847 906.4998314127515 911.8117944012672 915.1983087204321 921.2667888726584 934.4378741903442 939.1521138760284 937.4792276842857 946.1768913278543 950.8783747511778 953.5898424132208 955.2076177766926 0.0
0.0 882.7758073630221 887.6148326593197 890.1349409504229 892.521291512391 894.8932374120315 897.2645497250024 899.5798821814332 901.3559168410981 899.8902786529276 895.1967966446587 894.6330805205486 907.4746123385172 921.0386194981971 925.7058936460987 928.5207185327413 931.4206754820359 939.8645115167581 944.6291233718129 948.7423173979201 960.3728313870764 964.8294269900455 967.4322469465548 969.1175569365868 0.0
0.0 885.3554165069814 890.0553986981472 892.4761116623712 894.8716624640246 897.262024337641 899.645501848868 902.0241461104599 904.1401999170988 903.7971253449705 899.3074400921741 906.5893478017132 921.0322941774831 926.8066653532708 930.5992439649749 933.17539323929 935.3966353854992 944.6103351990978 949.396022476522 960.3761538006845 965.974742395794 969.7718964771218 972.2609400053606 974.0443337445706 0.0
0.0 887.2256127313027 892.0497344836268 894.5965807825369 897.0668227356753 899.5546030286666 902.0127703689749 904.4368800100599 906.8301487721488 907.8237063413966 904.5307060227458 912.1771126232825 925.6425771224347 930.5304453312598 933.1669623518244 935.6386447599818 938.0703717648951 948.5542476009731 953.3131534352399 964.8626843835193 969.7859761924938 972.4000898464044 974.8169401979646 976.7372834045951 0.0
0.0 887.412000229638 892.608736659445 895.9200450161604 898.3493985486364 901.1964035881025 904.0263286309615 906.766896045282 909.3910362808286 911.8728190032365 915.68146172194 919.2721635799949 928.4436338874987 932.4867182271269 935.3122421175758 938.0238424511764 940.6149922648093 951.9499788702652 956.458793098364 967.6491936515495 972.401878097172 974.8927158395865 977.3499957584957 979.450721304679 0.0
0.0 882.9355273228523 894.631313389541 905.7958686277746 904.8674395368453 908.2388078445861 912.1836791963121 916.1995549213084 920.2196944054486 924.2343298958457 928.2408382906345 932.237320481246 936.2217740325093 940.1920204020746 944.1462231396239 948.0884887048898 952.0853447382348 956.8322531603147 960.3238685728663 970.1284334972559 974.8348406060497 977.3679975493058 979.8687267114407 982.1901021897744 0.0
0.0 893.8310594493529 907.3838077071583 911.9443733864221 908.9656848814519 912.8070584123418 916.8196781231222 920.84892129441 924.875311952221 928.8952986480317 932.9070575800339 936.9087906783832 940.8985020999318 944.8739458015247 948.8325829327302 952.7714653076722 956.686389672048 960.5637797178874 964.2398598295482 972.6954398309402 976.770664091462 979.630919410887 982.3684591435267 984.9604919701487 0.0
0.0 905.3519634658571 911.7537166077533 916.4052290750999 919.4597256113855 922.4395871137973 926.4271338630447 930.5328973529166 934.6570750911884 938.7884752099457 942.925849095451 947.0690639043158 951.2181120070632 955.3729998350284 959.533735407309 963.7003269284581 967.8727826042307 972.0511103511986 976.2353150608361 980.425371197876 984.6209481655319 988.8186577397889 992.9844660911996 996.7771893817473 0.0
0.0 902.7494525920962 916.0662176275108 920.1288866333931 922.9969075001434 926.9713336490261 931.0750533844094 935.1984295275134 939.3291666318299 943.4658922468724 947.6084596320522 951.7568595973157 955.9110983977761 960.0711840319476 964.2371247042502 968.4089286525341 972.5866041291202 976.7701594024755 980.9596027953997 985.1549430700222 989.3561932866105 993.5634094789058 997.7770782829806 0.0 0.0
0.0 0.0 0.0 0.0 0.0 0.0 0.0 0.0 0.0 0.0 0.0 0.0 0.0 0.0 0.0 0.0 0.0 0.0 0.0 0.0 0.0 0.0 0.0 0.0 0.0
