0.0 0.0 0.0 0.0 0.0 0.0 0.0 0.0 0.0 0.0 0.0 0.0 0.0 0.0 0.0
0.0 940.3046223702377 943.0355282047209 945.4667539510978 943.0355282047209 943.3057435153786 945.7373074461935 947.4801380862206 951.1990636785137 953.6405039707197 951.1990636785137 948.8616755461769 950.3466899238998 952.5159110274204 0.0
0.0 937.8798470733077 0.0 948.5088281494848 0.0 0.0 948.2580054395445 946.2320384327069 0.0 956.6953591797524 0.0 949.6706956857274 952.5159110274204 955.2301516449492 0.0
0.0 944.1644839989601 948.5088281494848 950.946902268181 952.551683012613 954.994815757893 952.0751377462343 948.2580054395445 0.0 959.1436766986801 0.0 947.2342164023838 0.0 958.0159158968936 0.0
0.0 0.0 0.0 953.4921886969139 0.0 958.111356816138 0.0 0.0 959.1436766986801 961.5950576767016 0.0 0.0 960.2318356122958 960.4658857618851 0.0
0.0 951.0509337728761 953.4921886969139 955.9364982431737 958.111356816138 960.5614461015941 0.0 965.2363728534591 0.0 964.3559285698825 967.1589402452489 965.4140325918225 962.6553218808624 962.9481774232978 0.0
0.0 0.0 0.0 958.4175476060043 0.0 963.3208622249322 965.2363728534591 967.6953773240069 0.0 0.0 970.188840246786 967.9999847415606 0.0 965.4409257292881 0.0
0.0 955.884016369475 0.0 960.8680200130536 0.0 965.5380310818517 0.0 970.464834185788 0.0 975.7386276489538 972.9276484365033 970.188840246786 970.6699312693371 967.9001861468789 0.0
0.0 958.3313186926964 0.0 963.3215585766931 0.0 967.9974130026341 0.0 972.9303807751107 0.0 978.5621454805015 0.0 0.0 982.5510980137778 0.0 0.0
0.0 960.7816832057687 963.5414093045301 965.7781671334969 968.2694928912982 970.4598722281171 972.9303807751107 975.3990123826877 0.0 981.0378238407123 983.7403437065625 985.9629968131618 987.2840198080893 991.4883527748808 0.0
0.0 0.0 965.3024158351967 967.9816287584486 970.448855523019 972.8825861229903 0.0 978.1793118195993 0.0 981.7235517209751 985.8163795515317 988.5606392618218 0.0 994.5057466889916 0.0
0.0 954.2458938321537 0.0 970.1467920702809 972.8825861229903 975.6553742524462 978.4740140277031 980.6545111587128 981.640174559429 978.5127385555942 0.0 991.3918607136734 0.0 997.001374500164 0.0
0.0 956.6911464520706 0.0 0.0 0.0 0.0 980.8345816645868 983.2821618103833 985.7599678590713 0.0 991.6684121886086 993.8835922711229 0.0 999.5001249687577 0.0
0.0 959.1394586973838 961.8968734271198 964.3516993448216 966.8095968665245 978.2795788445856 983.0071558951918 985.7599678590713 988.5543782596257 991.3918607136734 993.8835922711229 996.6553391211158 999.5001249687577 0.0 0.0
0.0 0.0 0.0 0.0 0.0 0.0 0.0 0.0 0.0 0.0 0.0 0.0 0.0 0.0 0.0
