0.0 0.0 0.0 0.0 0.0 0.0 0.0 0.0 0.0 0.0 0.0 0.0 0.0 0.0 0.0 0.0 0.0 0.0 0.0 0.0 0.0 0.0 0.0 0.0 0.0
0.0 404.8742440408621 417.8933561001056 432.32528407043634 447.18273516095144 460.2547856397211 473.3431925333956 486.447976310233 498.7052783446899 513.3739592153852 526.5288315367883 539.7001639086118 551.4971123994051 564.6996863638691 579.3859364490337 594.4591876001309 607.7155179149458 620.9884352296541 0.0 651.1043377346394 660.4648099277468 673.8037298600888 687.1593401326865 700.531661629349 0.0
0.0 0.0 406.72114969370705 417.8933561001056 0.0 0.0 0.0 493.3590092565845 486.447976310233 0.0 0.0 550.8270801256161 0.0 552.9624352958054 564.6996863638691 0.0 0.0 635.9370749630988 0.0 663.261486340299 0.0 0.0 0.0 715.5922554470991 0.0
0.0 423.8213212217092 410.3426759819378 405.4811725470801 0.0 483.5640654539351 495.6791776730173 507.3527169684121 0.0 541.857970101665 553.2639745063109 564.0288157114315 0.0 540.5306392118634 0.0 624.4599507848495 636.8711303895666 649.245304536376 663.261486340299 676.6039056175017 690.1258398501101 702.2011129134236 715.5922554470991 729.0001536646254 0.0
0.0 438.5489714265965 0.0 392.4775716947835 0.0 491.5837489902842 507.3527169684121 521.9592476167604 0.0 553.6227325267896 566.5489046591989 578.592675136021 566.988347454433 553.7194913631373 0.0 631.5214644054194 644.3529237054771 657.0231317757307 0.0 688.6437630019802 700.531922008767 0.0 0.0 744.100815808764 0.0
0.0 451.61021891755297 0.0 379.4902210025453 0.0 478.47254709375125 0.0 536.9506786228077 552.0089802198248 565.2121946596025 579.8806124045383 594.7851647270782 579.9293851356173 565.2662390707019 0.0 642.3529399058609 657.0231317757307 671.9415213127602 687.1596001867116 700.531922008767 715.4069958410828 730.6740464813348 744.100815808764 757.5443853981143 0.0
0.0 464.6878092957342 0.0 0.0 449.32384280207003 463.5959465748883 0.0 0.0 0.0 0.0 0.0 611.7619444104354 0.0 0.0 649.0952007599634 0.0 0.0 0.0 0.0 0.0 0.0 0.0 0.0 772.6852224694032 0.0
0.0 477.781763017921 464.6878092957342 451.61021891755297 439.74484927079106 449.32384280207003 0.0 573.7989853522225 586.4860018500053 599.7323557061744 612.9952840791801 625.0399248213594 639.9942668732521 653.3075730129833 662.419894454608 673.975385111067 660.6362506632901 670.6688255487509 684.0205132684064 699.0578682689843 712.4450778138654 704.256569629148 0.0 786.1645583333537 0.0
0.0 492.52884477781106 0.0 0.0 0.0 0.0 0.0 578.1466870571744 0.0 0.0 622.8743471715676 0.0 0.0 667.1626605309436 675.4558645370563 690.4430383055418 0.0 0.0 670.6688255487509 0.0 728.5460028376401 716.6267205325212 0.0 799.6607602331703 0.0
0.0 505.6576346247733 520.4439506167321 533.607669273846 546.7878590503027 561.4289175622109 576.2912208061476 591.3826063352756 606.2895769836966 621.0336422034882 636.1662319903509 651.1362338989929 666.1273055194332 679.4733106564695 0.0 705.6928652547124 0.0 701.6629826709437 0.0 758.7670396406864 743.4600197359371 728.5460028376401 0.0 813.1738492725011 0.0
0.0 0.0 0.0 0.0 535.232842997917 548.250500795646 561.4289175622108 0.0 594.5061200600393 606.2895769836966 0.0 637.8256412547803 0.0 694.5042656412622 0.0 719.0883768478737 0.0 715.0534518684798 0.0 774.1423378490512 0.0 0.0 0.0 826.7038465814005 0.0
0.0 478.5687233052575 492.6407018882826 507.14479218618936 522.1048815424394 533.6296832595154 0.0 570.4673246695721 585.3448578496783 597.444626071694 609.5990730561318 622.8743471715676 0.0 707.8857774851575 719.0883768478737 732.5006495916773 0.0 728.4606759073544 0.0 787.6234969304437 0.0 813.1738492725011 826.7038465814005 840.2507733163623 0.0
0.0 470.8834724891537 481.6394179782368 492.6407018882826 0.0 0.0 0.0 557.2575429591599 0.0 0.0 0.0 609.5990730561318 0.0 719.8837080421517 0.0 747.6062385515091 0.0 741.8846757520832 0.0 801.1215243290054 813.1347837265463 0.0 0.0 855.5080165022218 0.0
0.0 481.9643061896527 487.5491783152579 501.4104573952784 0.0 514.4460699948146 529.2447553767322 542.4194860516484 0.0 642.8027370898521 629.5025587130838 615.4842709941161 0.0 733.2969759451074 747.6062385515091 761.0541943054524 770.4631864285277 755.3254723934147 0.0 813.1347837265463 828.1663895793251 843.5940970546403 855.5080165022218 869.0909844908382 0.0
0.0 494.38176813239284 0.0 516.2830202582276 0.0 501.3062973503444 0.0 0.0 0.0 657.7820796285521 0.0 0.0 726.2553127851066 739.6765531664694 0.0 775.023847284718 787.0080802368755 0.0 0.0 0.0 0.0 856.82722692999 0.0 884.3888191837231 0.0
0.0 507.5128764530901 516.2830202582276 529.4415325471111 517.905542860062 504.3779679564539 0.0 646.0754183686965 658.7826291084828 671.1176427912504 684.8833322107016 696.837400932061 0.0 754.7922419393229 771.6344855397306 787.0080802368755 802.0033667135489 816.7480809862903 829.7088979975522 843.2595848068584 856.82722692999 870.4118455823049 884.3888191837231 898.0079243128317 0.0
0.0 519.5641471127466 0.0 545.7033221873149 530.901965141002 0.0 0.0 650.9850539555991 666.7970404582381 681.145685020674 696.2065715510442 711.7160907045783 728.0448801564521 742.8255599063053 756.4698969869933 0.0 807.1691008372545 821.3373014626242 0.0 0.0 0.0 880.9936068104843 0.0 913.3464585054128 0.0
0.0 532.7267649149607 547.551179684182 560.7488162954917 0.0 608.5578814403884 622.7235683713322 636.0152645279534 0.0 677.6050102325686 690.5227925134755 703.1888501544419 717.1872787958283 729.2399726182375 740.0077676618112 726.5861133658078 0.0 836.6485383794624 852.1218130370845 865.7005440343781 880.9936068104843 894.6084636758627 0.0 927.0017969169561 0.0
0.0 0.0 0.0 575.6126710424911 589.5226957858889 601.4241565778362 0.0 0.0 645.1586394722428 0.0 0.0 689.8132080022867 0.0 715.8317747019439 0.0 0.0 0.0 0.0 0.0 852.1218130370845 0.0 909.9422132561019 0.0 940.674221587773 0.0
0.0 556.97176196403 571.8303006498405 585.0583165415622 600.3122376363978 616.1768844177957 633.1378725944519 646.4425996622628 658.4784075396506 673.479812991945 681.585854273648 693.4661633096547 0.0 702.440332844031 0.0 755.4800938389695 767.4425897725018 779.252292872697 0.0 838.5600512112446 0.0 923.5932921015174 0.0 954.363753897067 0.0
0.0 543.7788454905923 0.0 578.4291329871381 590.2938368437201 601.5097437255724 0.0 656.7271336367761 0.0 687.69693848448 693.4661633096547 708.3314148562097 721.8931655450731 0.0 0.0 767.4425897725018 780.7471730767697 794.2160586792312 0.0 825.0152373506955 0.0 937.2614518764192 954.363753897067 968.070415250792 0.0
0.0 535.6267392970366 0.0 582.7725000915128 596.5571283120127 609.1025352891315 0.0 670.0613767969822 686.976686597408 700.348779548606 0.0 721.8931655450731 737.0041666203515 752.3277316529349 765.781595181029 779.252292872697 794.2160586792312 809.4059457292376 0.0 811.487350275776 0.0 923.5932921015174 0.0 983.507559750902 0.0
0.0 548.809455437346 0.0 0.0 608.5288068894228 623.9453639832059 640.0895113991312 654.8805627429413 0.0 715.4091159667408 0.0 0.0 0.0 0.0 0.0 0.0 0.0 824.8299643253647 0.0 0.0 892.9092635612787 908.0517658896838 0.0 997.2506873281679 0.0
0.0 562.0086664676958 576.8742944061449 590.1086216013516 603.3595082650188 615.9808127891525 628.268503165158 640.0895113991312 0.0 728.8167850307634 743.9171890904814 757.3605289166709 770.8206897386386 784.297692603677 797.7915585854133 811.3023087838435 824.8299643253647 838.3745463628089 853.6291488301556 867.2097658832463 880.8073757004174 892.9092635612787 0.0 0.0 0.0
0.0 0.0 0.0 0.0 0.0 0.0 0.0 0.0 0.0 0.0 0.0 0.0 0.0 0.0 0.0 0.0 0.0 0.0 0.0 0.0 0.0 0.0 0.0 0.0 0.0
